[[2.6721, 1.19109, 3.52503, 0.03663],
[2.80139, 1.16483, 3.90553, 0.03378],
[2.93417, 1.14291, 4.0, 0.03365],
[3.07007, 1.12482, 4.0, 0.03427],
[3.20871, 1.11006, 4.0, 0.03485],
[3.34969, 1.09815, 4.0, 0.03537],
[3.49267, 1.08862, 4.0, 0.03582],
[3.63734, 1.08109, 4.0, 0.03622],
[3.78336, 1.07517, 4.0, 0.03654],
[3.93057, 1.07063, 4.0, 0.03682],
[4.07878, 1.06723, 4.0, 0.03706],
[4.22785, 1.06482, 4.0, 0.03727],
[4.3777, 1.06329, 4.0, 0.03746],
[4.52827, 1.06255, 3.97501, 0.03788],
[4.67958, 1.06262, 3.6167, 0.04184],
[4.83017, 1.06422, 3.32005, 0.04536],
[4.97944, 1.06833, 3.07301, 0.04859],
[5.12666, 1.07592, 2.89104, 0.05099],
[5.27092, 1.088, 2.68489, 0.05392],
[5.41139, 1.10518, 2.50133, 0.05658],
[5.54717, 1.12801, 2.34475, 0.05872],
[5.67732, 1.15689, 2.26134, 0.05895],
[5.80096, 1.19199, 2.16618, 0.05933],
[5.91743, 1.23319, 2.05939, 0.05999],
[6.02594, 1.28044, 1.93032, 0.06131],
[6.1258, 1.3335, 1.83073, 0.06177],
[6.21649, 1.39201, 1.62493, 0.06642],
[6.29806, 1.4553, 1.45406, 0.071],
[6.37046, 1.52283, 1.3, 0.07616],
[6.4335, 1.59413, 1.3, 0.07321],
[6.48664, 1.66883, 1.3, 0.07052],
[6.52957, 1.74643, 1.3, 0.06822],
[6.56033, 1.82672, 1.3, 0.06614],
[6.57675, 1.90906, 1.3, 0.06459],
[6.57578, 1.99219, 1.32378, 0.0628],
[6.55806, 2.07431, 1.47123, 0.0571],
[6.52627, 2.15437, 1.6137, 0.05338],
[6.48199, 2.23177, 1.77489, 0.05024],
[6.42646, 2.30615, 1.91934, 0.04836],
[6.36038, 2.37713, 2.08799, 0.04645],
[6.28445, 2.44445, 2.29147, 0.04429],
[6.19948, 2.508, 2.51352, 0.04221],
[6.10628, 2.56774, 2.79663, 0.03959],
[6.00579, 2.62386, 3.13464, 0.03672],
[5.89897, 2.67667, 3.54775, 0.03359],
[5.78672, 2.72662, 4.0, 0.03072],
[5.66982, 2.77419, 4.0, 0.03155],
[5.54901, 2.81991, 4.0, 0.03229],
[5.42246, 2.86464, 4.0, 0.03356],
[5.29116, 2.91413, 4.0, 0.03508],
[5.16024, 2.9666, 4.0, 0.03526],
[5.03035, 3.02165, 4.0, 0.03527],
[4.9016, 3.07919, 4.0, 0.03525],
[4.77403, 3.13921, 4.0, 0.03525],
[4.64767, 3.20176, 4.0, 0.03525],
[4.52255, 3.26688, 4.0, 0.03526],
[4.39867, 3.33458, 4.0, 0.03529],
[4.27594, 3.40464, 4.0, 0.03533],
[4.15429, 3.47689, 4.0, 0.03537],
[4.03366, 3.55116, 4.0, 0.03542],
[3.91403, 3.62736, 4.0, 0.03546],
[3.79624, 3.70523, 3.74391, 0.03772],
[3.67855, 3.77974, 3.50484, 0.03974],
[3.56032, 3.85085, 3.29107, 0.04192],
[3.44129, 3.91818, 3.10229, 0.04408],
[3.32139, 3.98127, 2.88709, 0.04693],
[3.20062, 4.03948, 2.78417, 0.04815],
[3.07906, 4.0922, 2.65674, 0.04987],
[2.95688, 4.13876, 2.57181, 0.05084],
[2.83434, 4.17851, 2.44004, 0.0528],
[2.71181, 4.21083, 2.36305, 0.05363],
[2.58978, 4.23487, 2.36305, 0.05263],
[2.46884, 4.25039, 2.34318, 0.05204],
[2.34961, 4.25704, 2.28418, 0.05228],
[2.23273, 4.25477, 2.17549, 0.05374],
[2.11894, 4.24322, 2.00859, 0.05694],
[2.00886, 4.22246, 1.84832, 0.06061],
[1.9028, 4.19316, 1.64074, 0.06707],
[1.8011, 4.15566, 1.64074, 0.06606],
[1.70426, 4.11005, 1.64074, 0.06524],
[1.61305, 4.05601, 1.64074, 0.06462],
[1.52882, 3.99263, 1.64074, 0.06424],
[1.45345, 3.91881, 1.64074, 0.0643],
[1.39056, 3.8325, 1.90795, 0.05597],
[1.33797, 3.73742, 2.0877, 0.05204],
[1.29486, 3.63523, 2.22499, 0.04985],
[1.2609, 3.52693, 2.44292, 0.04646],
[1.23525, 3.41377, 2.5817, 0.04494],
[1.21766, 3.29652, 2.71145, 0.04373],
[1.20795, 3.17595, 2.8168, 0.04294],
[1.20602, 3.05283, 2.91574, 0.04223],
[1.21173, 2.928, 3.00721, 0.04155],
[1.22487, 2.80237, 2.94308, 0.04292],
[1.24517, 2.6769, 2.87453, 0.04422],
[1.27243, 2.5525, 2.7763, 0.04587],
[1.30642, 2.4301, 2.68134, 0.04738],
[1.34699, 2.31055, 2.60215, 0.04852],
[1.394, 2.19465, 2.54736, 0.0491],
[1.44729, 2.0831, 2.52204, 0.04902],
[1.5067, 1.97645, 2.52204, 0.0484],
[1.5722, 1.87527, 2.52204, 0.04779],
[1.64376, 1.78006, 2.52204, 0.04723],
[1.72139, 1.69124, 2.52204, 0.04677],
[1.80503, 1.6091, 2.52204, 0.04648],
[1.8946, 1.53382, 2.52876, 0.04627],
[1.98998, 1.46547, 2.56915, 0.04567],
[2.09101, 1.40399, 2.64453, 0.04472],
[2.19747, 1.34922, 2.75603, 0.04344],
[2.30912, 1.30092, 2.90471, 0.04188],
[2.42568, 1.25876, 3.09181, 0.04009],
[2.54683, 1.22235, 3.36745, 0.03757]]